0 0
80 80
30
30
8 8 12 8 12 12 8 12
16 16 20 16 20 20 16 20
24 24 28 24 28 28 24 28
32 32 36 32 36 36 32 36
40 40 44 40 44 44 40 44
48 48 52 48 52 52 48 52
56 56 60 56 60 60 56 60
64 64 68 64 68 68 64 68
72 72 76 72 76 76 72 76
80 80 84 80 84 84 80 84
0 0 4 0 12 12 8 12
0 0 4 0 20 20 16 20
0 0 4 0 28 28 24 28
0 0 4 0 36 36 32 36
0 0 4 0 44 44 40 44
0 0 4 0 52 52 48 52
0 0 4 0 60 60 56 60
0 0 4 0 68 68 64 68
0 0 4 0 76 76 72 76
0 0 4 0 84 84 80 84
8 8 12 8 4 4 0 4
16 16 20 16 4 4 0 4
24 24 28 24 4 4 0 4
32 32 36 32 4 4 0 4
40 40 44 40 4 4 0 4
48 48 52 48 4 4 0 4
56 56 60 56 4 4 0 4
64 64 68 64 4 4 0 4
72 72 76 72 4 4 0 4
80 80 84 80 4 4 0 4
